250.00 250.00
300.00 250.00
350.00 250.00
400.00 250.00
450.00 250.00
500.00 250.00
550.00 250.00
600.00 250.00
650.00 250.00
700.00 250.00
750.00 250.00
800.00 250.00
850.00 250.00
900.00 250.00
950.00 250.00
1000.00 250.00
1050.00 250.00
1100.00 250.00
1150.00 250.00
1200.00 250.00
1250.00 250.00
1300.00 250.00
250.00 1350.00
300.00 1350.00
350.00 1350.00
400.00 1350.00
450.00 1350.00
500.00 1350.00
550.00 1350.00
600.00 1350.00
650.00 1350.00
700.00 1350.00
750.00 1350.00
800.00 1350.00
850.00 1350.00
900.00 1350.00
950.00 1350.00
1000.00 1350.00
1050.00 1350.00
1100.00 1350.00
1150.00 1350.00
1200.00 1350.00
1250.00 1350.00
1300.00 1350.00
250.00 300.00
250.00 350.00
250.00 400.00
250.00 450.00
250.00 500.00
250.00 550.00
250.00 600.00
250.00 650.00
250.00 700.00
250.00 750.00
250.00 800.00
250.00 850.00
250.00 900.00
250.00 950.00
250.00 1000.00
250.00 1050.00
250.00 1100.00
250.00 1150.00
250.00 1200.00
250.00 1250.00
250.00 1300.00
1350.00 250.00
1350.00 300.00
1350.00 350.00
1350.00 400.00
1350.00 450.00
1350.00 500.00
1350.00 550.00
1350.00 600.00
1350.00 650.00
1350.00 700.00
1350.00 750.00
1350.00 800.00
1350.00 850.00
1350.00 900.00
1350.00 950.00
1350.00 1000.00
1350.00 1050.00
1350.00 1100.00
1350.00 1150.00
1350.00 1200.00
1350.00 1250.00
1350.00 1300.00
